16 16
1 1 1 1 1 1 1 1 1 2 3 4 5 6 1 3
1 1 1 1 1 1 1 1 1 2 3 4 5 6 1 3 
1 1 1 1 1 1 1 1 1 2 3 4 5 6 1 3 
1 1 1 1 1 1 1 1 1 2 3 4 5 6 1 3 
1 1 1 1 1 1 1 1 1 2 3 4 5 6 1 3 
1 1 1 1 1 1 1 1 1 2 3 4 5 6 1 3 
1 1 1 1 1 1 1 1 1 2 3 4 5 6 1 3 
1 1 1 1 1 1 1 1 1 2 3 4 5 6 1 3 
1 1 1 1 1 1 1 1 1 2 3 4 5 6 1 3 
1 1 1 1 1 1 1 1 1 2 3 4 5 6 1 3 
1 1 1 1 1 1 1 1 1 2 3 4 5 6 1 3 
1 1 1 1 1 1 1 1 1 2 3 4 5 6 1 3 
1 1 1 1 1 1 1 1 1 2 3 4 5 6 1 3 
1 1 1 1 1 1 1 1 1 2 3 4 5 6 1 3 
1 1 1 1 1 1 1 1 1 2 3 4 5 6 1 3 
1 1 1 1 1 1 1 1 1 2 3 4 5 6 1 3 

16 16
1 1 1 1 1 1 1 1 1 2 3 4 5 6 1 3
2 1 1 1 1 1 1 1 1 2 3 4 5 6 1 3 
1 1 1 1 1 1 1 1 1 2 3 4 5 6 1 3 
1 1 1 1 1 1 1 1 1 2 3 4 5 6 1 3 
1 1 1 1 6 1 1 1 1 2 3 4 5 6 1 3 
1 1 1 1 1 1 1 1 1 2 3 4 5 6 1 3 
1 1 1 1 1 1 1 1 1 2 3 4 5 6 1 3 
1 1 1 1 1 1 1 1 1 2 3 4 5 6 1 3 
9 1 1 1 1 1 1 1 1 2 3 4 5 6 1 3 
1 1 1 1 1 1 1 1 1 2 3 4 5 6 1 3 
1 1 1 1 1 1 1 1 1 2 3 4 5 6 1 3 
1 1 1 1 1 1 1 1 1 2 3 4 5 6 1 3 
1 1 1 9 1 1 1 1 1 2 3 4 5 6 1 3 
1 1 1 1 1 1 1 1 1 2 3 4 5 6 1 3 
1 1 1 1 1 1 1 1 1 2 3 4 5 6 1 3 
1 1 1 1 1 1 1 1 1 2 3 4 5 6 1 3 